0	163.69742850276376
1	162.74052278636924
10	151.0075454749607
11	151.0053271469691
12	149.9288560485899
13	150.91331983949433
14	151.2693071272583
15	153.21139191037582
16	153.89660453597497
17	154.97960314098594
18	154.41479590144908
19	154.97286198282058
2	162.405642231246
20	157.1758534788253
21	158.86628641427095
22	161.80712938852474
23	163.2869093970325
3	160.50924766045244
4	157.62524626048886
5	154.1880938669738
6	149.98592442302814
7	150.0244525133326
8	151.9205244168911
9	149.9315546864087
