0	129.0 125.24701358300334
1	126.0 125.64796214933675
10	119.0 116.95142213284734
11	120.0 116.8478103390803
12	118.0 117.5743964884388
13	118.0 117.63831248538018
14	119.0 117.52180497153424
15	120.0 119.31219631994486
16	121.0 120.23015600809927
17	122.0 120.61576661096365
18	121.0 120.52668500619693
19	122.0 120.29099833576045
2	127.0 126.12287574335934
20	124.0 120.57303713930068
21	125.0 121.82487860272143
22	127.0 124.57064184174818
23	128.0 124.76261162635768
3	125.0 126.63562976438773
4	121.0 125.74892378041207
5	120.0 122.0124869578207
6	117.0 119.38342030890541
7	117.0 118.6517183494988
8	119.0 118.94074742286345
9	118.0 116.72832210751275
